%YAML:1.0

base_config: "/root/gs_sdf_ws/src/GS-SDF/config/base.yaml"
scene_config: "/root/gs_sdf_ws/src/GS-SDF/config/fast_livo/fast_livo.yaml"

sdf_iter_step: 50
gs_iter_step: 100

leaf_sizes: 0.2
fill_level: 1
bce_sigma: 1.0

camera:
   model: 0
   width: 640
   height: 512

   fx: 588.143714607
   fy: 588.107927227
   cx: 296.059369138
   cy: 254.543215481

   d0: -0.13218037625958456
   d1: 0.15360732717073536
   d2: 0.00036918417348059815
   d3: -0.00031715324469463964
   d4: 0.0

extrinsic:
   T_C_L: !!opencv-matrix
      rows: 4
      cols: 4
      dt: d
      data: [ -0.00200, -0.99975, -0.02211, 0.00260,
              -0.00366, 0.02212, -0.99975, 0.05057,
              0.99999, -0.00192, -0.00371, -0.00587,
              0.0, 0.0, 0.0, 1.0 ]

   T_B_L: !!opencv-matrix
      rows: 4
      cols: 4
      dt: d
      data: [ 1.0, 0.0, 0.0, 0.04165,
              0.0, 1.0, 0.0, 0.02326,
              0.0, 0.0, 1.0, -0.0284,
              0.0, 0.0, 0.0, 1.0 ]

map:
   map_origin: !!opencv-matrix
      rows: 1
      cols: 3
      dt: d
      data: [ 20, 0, 20 ]

   map_size: 50

geo_init: 1
color_init: 0
sky_init: 0
mesh_init: 0
